[[[    0.             0.        ]
  [    0.             0.        ]
  [    0.             0.        ]
  [    0.             0.        ]
  [    0.             0.        ]
  [    0.             0.        ]
  [    0.             0.        ]
  [    0.             0.        ]
  [    0.             0.        ]
  [    0.             0.        ]
  [    0.             0.        ]
  [    0.             0.        ]
  [  149.96465309     0.        ]
  [   90.70623019     0.        ]
  [    0.             0.        ]
  [    0.             0.        ]
  [    0.             0.        ]
  [    0.             0.        ]
  [    0.             0.        ]
  [    0.             0.        ]
  [    0.             0.        ]
  [    0.             0.        ]
  [    0.             0.        ]
  [    0.             0.        ]
  [    0.             0.        ]
  [    0.             0.        ]
  [    0.             0.        ]
  [    0.             0.        ]
  [    0.             0.        ]
  [    0.             0.        ]]

 [[    0.             0.        ]
  [    0.             0.        ]
  [    0.             0.        ]
  [    0.             0.        ]
  [    0.             0.        ]
  [    0.             0.        ]
  [    0.             0.        ]
  [ -591.54           0.        ]
  [    0.             0.        ]
  [-1114.224744    -152.89089768]
  [  -98.8683644   -591.54      ]
  [  149.39783403     0.        ]
  [   68.96503389     0.        ]
  [   27.60781314     0.        ]
  [    0.             0.        ]
  [    0.             0.        ]
  [    0.             0.        ]
  [    0.             0.        ]
  [    0.             0.        ]
  [    0.             0.        ]
  [    0.             0.        ]
  [    0.             0.        ]
  [    0.             0.        ]
  [    0.             0.        ]
  [    0.             0.        ]
  [    0.             0.        ]
  [    0.             0.        ]
  [    0.             0.        ]
  [    0.             0.        ]
  [    0.             0.        ]]

 [[    0.             0.        ]
  [    0.             0.        ]
  [    0.             0.        ]
  [ -600.             0.        ]
  [   24.96575866     0.        ]
  [ -579.17424134    23.83860687]
  [ -536.77685473    44.17704578]
  [ -520.77974306    48.91744483]
  [  -80.74893191    67.51028059]
  [ -278.41663407    39.22114036]
  [ -215.77051196    68.69498342]
  [  135.69109611     0.        ]
  [    0.             0.        ]
  [    0.             0.        ]
  [    0.             0.        ]
  [    0.             0.        ]
  [    0.             0.        ]
  [    0.             0.        ]
  [    0.             0.        ]
  [    0.             0.        ]
  [    0.             0.        ]
  [    0.             0.        ]
  [    0.             0.        ]
  [    0.             0.        ]
  [    0.             0.        ]
  [    0.             0.        ]
  [    0.             0.        ]
  [    0.             0.        ]
  [    0.             0.        ]
  [    0.             0.        ]]

 [[    0.             0.        ]
  [    0.             0.        ]
  [    0.             0.        ]
  [    0.             0.        ]
  [    0.             0.        ]
  [    0.             0.        ]
  [   29.8582425      0.        ]
  [ -500.96390836     0.        ]
  [  102.83371957     0.        ]
  [  112.62001831     0.        ]
  [  122.3515479      0.        ]
  [    0.             0.        ]
  [    0.             0.        ]
  [    0.             0.        ]
  [    0.             0.        ]
  [    0.             0.        ]
  [    0.             0.        ]
  [    0.             0.        ]
  [    0.             0.        ]
  [    0.             0.        ]
  [    0.             0.        ]
  [    0.             0.        ]
  [    0.             0.        ]
  [    0.             0.        ]
  [    0.             0.        ]
  [    0.             0.        ]
  [    0.             0.        ]
  [    0.             0.        ]
  [    0.             0.        ]
  [    0.             0.        ]]

 [[    0.             0.        ]
  [    0.             0.        ]
  [    0.             0.        ]
  [    0.             0.        ]
  [    0.             0.        ]
  [    0.             0.        ]
  [    0.             0.        ]
  [    0.             0.        ]
  [   65.37417927     0.        ]
  [  135.5075194      0.        ]
  [  134.8198177      0.        ]
  [    0.             0.        ]
  [    0.             0.        ]
  [    0.             0.        ]
  [    0.             0.        ]
  [    0.             0.        ]
  [    0.             0.        ]
  [    0.             0.        ]
  [    0.             0.        ]
  [    0.             0.        ]
  [    0.             0.        ]
  [    0.             0.        ]
  [    0.             0.        ]
  [    0.             0.        ]
  [    0.             0.        ]
  [    0.             0.        ]
  [    0.             0.        ]
  [    0.             0.        ]
  [    0.             0.        ]
  [    0.             0.        ]]

 [[    0.             0.        ]
  [    0.             0.        ]
  [    0.             0.        ]
  [    0.             0.        ]
  [    0.             0.        ]
  [    0.             0.        ]
  [    0.             0.        ]
  [   84.72074756     0.        ]
  [  135.17931308     0.        ]
  [  140.98348822     0.        ]
  [  137.36364966     0.        ]
  [    0.             0.        ]
  [    0.             0.        ]
  [    0.             0.        ]
  [    0.             0.        ]
  [    0.             0.        ]
  [    0.             0.        ]
  [    0.             0.        ]
  [    0.             0.        ]
  [    0.             0.        ]
  [    0.             0.        ]
  [    0.             0.        ]
  [    0.             0.        ]
  [    0.             0.        ]
  [    0.             0.        ]
  [    0.             0.        ]
  [    0.             0.        ]
  [    0.             0.        ]
  [    0.             0.        ]
  [    0.             0.        ]]

 [[    0.             0.        ]
  [    0.             0.        ]
  [    0.             0.        ]
  [    0.             0.        ]
  [ -583.5876        20.9637337 ]
  [  106.74618424     0.        ]
  [ -583.5876       131.06540694]
  [ -532.51620899   138.9271843 ]
  [  142.00531008     0.        ]
  [  144.15982849     0.        ]
  [  115.95350659     0.        ]
  [    0.             0.        ]
  [    0.             0.        ]
  [    0.             0.        ]
  [    0.             0.        ]
  [    0.             0.        ]
  [    0.             0.        ]
  [    0.             0.        ]
  [    0.             0.        ]
  [    0.             0.        ]
  [    0.             0.        ]
  [    0.             0.        ]
  [    0.             0.        ]
  [    0.             0.        ]
  [    0.             0.        ]
  [    0.             0.        ]
  [    0.             0.        ]
  [    0.             0.        ]
  [    0.             0.        ]
  [    0.             0.        ]]

 [[    0.             0.        ]
  [    0.             0.        ]
  [    0.             0.        ]
  [    0.             0.        ]
  [    0.             0.        ]
  [   21.525984       0.        ]
  [  110.03729224     0.        ]
  [  116.61858623     0.        ]
  [  130.63846477     0.        ]
  [  118.14917414     0.        ]
  [  124.16007141     0.        ]
  [  115.98840661     0.        ]
  [  116.82789998     0.        ]
  [  101.52482751     0.        ]
  [    0.             0.        ]
  [    0.             0.        ]
  [    0.             0.        ]
  [    0.             0.        ]
  [    0.             0.        ]
  [    0.             0.        ]
  [    0.             0.        ]
  [    0.             0.        ]
  [    0.             0.        ]
  [    0.             0.        ]
  [    0.             0.        ]
  [    0.             0.        ]
  [    0.             0.        ]
  [    0.             0.        ]
  [    0.             0.        ]
  [    0.             0.        ]]

 [[    0.             0.        ]
  [    0.             0.        ]
  [    0.             0.        ]
  [    0.             0.        ]
  [    0.             0.        ]
  [    0.             0.        ]
  [    0.             0.        ]
  [    0.             0.        ]
  [  106.365989       0.        ]
  [  127.70335566     0.        ]
  [  117.75651262     0.        ]
  [  125.45823055     0.        ]
  [  124.44271555     0.        ]
  [   80.71783287     0.        ]
  [   89.73025898     0.        ]
  [    0.             0.        ]
  [    0.             0.        ]
  [    0.             0.        ]
  [    0.             0.        ]
  [    0.             0.        ]
  [    0.             0.        ]
  [    0.             0.        ]
  [    0.             0.        ]
  [    0.             0.        ]
  [    0.             0.        ]
  [    0.             0.        ]
  [    0.             0.        ]
  [    0.             0.        ]
  [    0.             0.        ]
  [    0.             0.        ]]

 [[    0.             0.        ]
  [    0.             0.        ]
  [    0.             0.        ]
  [    0.             0.        ]
  [    0.             0.        ]
  [    0.             0.        ]
  [    0.             0.        ]
  [    0.             0.        ]
  [    0.             0.        ]
  [  110.39920968     0.        ]
  [  118.37813852     0.        ]
  [  118.51962628     0.        ]
  [  112.62719258     0.        ]
  [  125.05850273     0.        ]
  [   80.76700138     0.        ]
  [    0.             0.        ]
  [    0.             0.        ]
  [    0.             0.        ]
  [    0.             0.        ]
  [    0.             0.        ]
  [    0.             0.        ]
  [    0.             0.        ]
  [    0.             0.        ]
  [    0.             0.        ]
  [    0.             0.        ]
  [    0.             0.        ]
  [    0.             0.        ]
  [    0.             0.        ]
  [    0.             0.        ]
  [    0.             0.        ]]]